23
10 1000 .001 .001 1
500 1000 .001 .001 1
1000 2000 .00025 .0005 .6931472
40 60 .000001 .0000005 .0003
40 60 .00001 .5 .00001
40000 60000 .000001 .0000005 .0003
30125 40656 .0001 .000782 .02341
59013 90000 .00000765 .0000022 .000012
12344 50676 .00000012 .0007 .00004
12344 50676 .00000012 .0007 .000004
12344 50676 .00000012 .00007 .000004
12344 50676 .0000012 .00007 .000004
12344 50676 .0000087 .007 .000004
12344 50676 .0000087 .0007 .000004
12344 50676 .0000087 .0007 .004
12344 50676 .0000087 .0007 .00074
17238 23765 .00006523 .00212421 .06
77777 100000 .000003 .0000342222 .07272
20 100000 .000001 .00024187 .0342122
10 100000 .0000001 .000005 .0003
100 100000 .000043 .006 1.7
40000 50000 .000001221 .0009 0.0002
40000 40007 .000001221 .0009 0.0002